Hammer.png
size:608,2022
filter:Linear,Linear
pma:true
0001
bounds:406,1820,200,200
0002
bounds:204,2,200,200
0003
bounds:204,204,200,200
0004
bounds:204,406,200,200
0005
bounds:204,608,200,200
0006
bounds:204,810,200,200
0007
bounds:204,1012,200,200
0008
bounds:204,1214,200,200
0009
bounds:204,1416,200,200
0010
bounds:204,1618,200,200
0011
bounds:204,1820,200,200
0012
bounds:2,2,200,200
0013
bounds:2,204,200,200
0014
bounds:2,406,200,200
0015
bounds:2,608,200,200
0016
bounds:2,810,200,200
0017
bounds:2,1012,200,200
0018
bounds:2,1214,200,200
0019
bounds:2,1416,200,200
0020
bounds:2,1618,200,200
0021
bounds:2,1820,200,200
